LinearRegression:
	Mean: 1154112.4182874023
	Std: 285403.6433894405

RandomForestRegressor:
	Mean: 1201622.2347022877
	Std: 323404.93790366215

DecisionTreeRegressor:
	Mean: 2476220.2475708504
	Std: 470879.4391276068

KMeans:
	Mean: 26681928.261133604
	Std: 1983762.868498096
